Time(s),HeartRate(1/min),CoreTemperature(degC),SkinTemperature(degC),intensity,atemp_c,rh_pct
0 days 00:00:01.020000,75.0,37.031683,33.110806,0.6666666666666666,26.666666666666668,44.44444444444444
0 days 00:00:02.020000,76.923077,37.033814,33.112355,0.6666666666666666,26.666666666666668,44.44444444444444
0 days 00:00:03.020000,78.947368,37.036323,33.114156,0.6666666666666666,26.666666666666668,44.44444444444444
0 days 00:00:04.020000,83.333333,37.038978,33.115956,0.6666666666666666,26.666666666666668,44.44444444444444
0 days 00:00:05.020000,85.714286,37.041689,33.117741,0.6666666666666666,26.666666666666668,44.44444444444444
0 days 00:00:06.020000,88.235294,37.044419,33.119522,0.6666666666666666,26.666666666666668,44.44444444444444
0 days 00:00:07.020000,90.909091,37.047156,33.121305,0.6666666666666666,26.666666666666668,44.44444444444444
0 days 00:00:08.020000,93.75,37.049896,33.123084,0.6666666666666666,26.666666666666668,44.44444444444444
0 days 00:00:09.020000,96.774194,37.052634,33.124886,0.6666666666666666,26.666666666666668,44.44444444444444
0 days 00:00:10.020000,100.0,37.055371,33.126707,0.6666666666666666,26.666666666666668,44.44444444444444
0 days 00:00:11.020000,103.448276,37.058106,33.12855,0.6666666666666666,26.666666666666668,44.44444444444444
0 days 00:00:12.020000,103.448276,37.060839,33.130408,0.6666666666666666,26.666666666666668,44.44444444444444
0 days 00:00:13.020000,107.142857,37.06357,33.132282,0.6666666666666666,26.666666666666668,44.44444444444444
0 days 00:00:14.020000,107.142857,37.066298,33.13418,0.6666666666666666,26.666666666666668,44.44444444444444
0 days 00:00:15.020000,111.111111,37.069024,33.136103,0.6666666666666666,26.666666666666668,44.44444444444444
0 days 00:00:16.020000,115.384615,37.071749,33.13804,0.6666666666666666,26.666666666666668,44.44444444444444
0 days 00:00:17.020000,115.384615,37.074469,33.140011,0.6666666666666666,26.666666666666668,44.44444444444444
0 days 00:00:18.020000,120.0,37.077189,33.141987,0.6666666666666666,26.666666666666668,44.44444444444444
0 days 00:00:19.020000,120.0,37.079906,33.14399,0.6666666666666666,26.666666666666668,44.44444444444444
0 days 00:00:20.020000,125.0,37.082623,33.145985,0.6666666666666666,26.666666666666668,44.44444444444444
0 days 00:00:21.020000,125.0,37.085333,33.148014,0.6666666666666666,26.666666666666668,44.44444444444444
0 days 00:00:22.020000,130.434783,37.088041,33.150067,0.6666666666666666,26.666666666666668,44.44444444444444
0 days 00:00:23.020000,136.363636,37.090747,33.15214,0.6666666666666666,26.666666666666668,44.44444444444444
0 days 00:00:24.020000,136.363636,37.093448,33.154233,0.6666666666666666,26.666666666666668,44.44444444444444
0 days 00:00:25.020000,142.857143,37.096144,33.156355,0.6666666666666666,26.666666666666668,44.44444444444444
0 days 00:00:26.020000,150.0,37.098839,33.158484,0.6666666666666666,26.666666666666668,44.44444444444444
0 days 00:00:27.020000,157.894737,37.101527,33.16066,0.6666666666666666,26.666666666666668,44.44444444444444
0 days 00:00:28.020000,166.666667,37.104209,33.162835,0.6666666666666666,26.666666666666668,44.44444444444444
0 days 00:00:29.020000,176.470588,37.106889,33.165,0.6666666666666666,26.666666666666668,44.44444444444444
0 days 00:00:30.020000,176.470588,37.109565,33.16717,0.6666666666666666,26.666666666666668,44.44444444444444
0 days 00:00:31.020000,187.5,37.112233,33.169323,0.6666666666666666,26.666666666666668,44.44444444444444
0 days 00:00:32.020000,187.5,37.114903,33.171436,0.6666666666666666,26.666666666666668,44.44444444444444
0 days 00:00:33.020000,187.5,37.117576,33.173489,0.6666666666666666,26.666666666666668,44.44444444444444
0 days 00:00:34.020000,187.5,37.120241,33.175489,0.6666666666666666,26.666666666666668,44.44444444444444
0 days 00:00:35.020000,187.5,37.12291,33.17744,0.6666666666666666,26.666666666666668,44.44444444444444
0 days 00:00:36.020000,187.5,37.125579,33.179347,0.6666666666666666,26.666666666666668,44.44444444444444
0 days 00:00:37.020000,187.5,37.128239,33.181215,0.6666666666666666,26.666666666666668,44.44444444444444
0 days 00:00:38.020000,187.5,37.1309,33.183045,0.6666666666666666,26.666666666666668,44.44444444444444
0 days 00:00:39.020000,187.5,37.13356,33.184841,0.6666666666666666,26.666666666666668,44.44444444444444
0 days 00:00:40.020000,187.5,37.13621,33.186603,0.6666666666666666,26.666666666666668,44.44444444444444
0 days 00:00:41.020000,187.5,37.138861,33.188335,0.6666666666666666,26.666666666666668,44.44444444444444
0 days 00:00:42.020000,187.5,37.141506,33.190036,0.6666666666666666,26.666666666666668,44.44444444444444
0 days 00:00:43.020000,187.5,37.144144,33.191708,0.6666666666666666,26.666666666666668,44.44444444444444
0 days 00:00:44.020000,187.5,37.146783,33.193351,0.6666666666666666,26.666666666666668,44.44444444444444
0 days 00:00:45.020000,187.5,37.149413,33.194967,0.6666666666666666,26.666666666666668,44.44444444444444
0 days 00:00:46.020000,187.5,37.15204,33.196555,0.6666666666666666,26.666666666666668,44.44444444444444
0 days 00:00:47.020000,187.5,37.154667,33.198116,0.6666666666666666,26.666666666666668,44.44444444444444
0 days 00:00:48.020000,187.5,37.157281,33.199651,0.6666666666666666,26.666666666666668,44.44444444444444
0 days 00:00:49.020000,187.5,37.159896,33.201159,0.6666666666666666,26.666666666666668,44.44444444444444
0 days 00:00:50.020000,187.5,37.162507,33.202642,0.6666666666666666,26.666666666666668,44.44444444444444
0 days 00:00:51.020000,187.5,37.165112,33.204099,0.6666666666666666,26.666666666666668,44.44444444444444
0 days 00:00:52.020000,187.5,37.167716,33.205531,0.6666666666666666,26.666666666666668,44.44444444444444
0 days 00:00:53.020000,187.5,37.170313,33.206938,0.6666666666666666,26.666666666666668,44.44444444444444
0 days 00:00:54.020000,187.5,37.172907,33.208319,0.6666666666666666,26.666666666666668,44.44444444444444
0 days 00:00:55.020000,187.5,37.175501,33.209677,0.6666666666666666,26.666666666666668,44.44444444444444
0 days 00:00:56.020000,187.5,37.178087,33.21101,0.6666666666666666,26.666666666666668,44.44444444444444
0 days 00:00:57.020000,187.5,37.180673,33.212318,0.6666666666666666,26.666666666666668,44.44444444444444
0 days 00:00:58.020000,187.5,37.183257,33.213602,0.6666666666666666,26.666666666666668,44.44444444444444
0 days 00:00:59.020000,187.5,37.185839,33.214863,0.6666666666666666,26.666666666666668,44.44444444444444
0 days 00:01:00.020000,187.5,37.188421,33.216099,0.6666666666666666,26.666666666666668,44.44444444444444
0 days 00:01:01.020000,187.5,37.190999,33.217312,0.6666666666666666,26.666666666666668,44.44444444444444
0 days 00:01:02.020000,187.5,37.193578,33.218502,0.6666666666666666,26.666666666666668,44.44444444444444
0 days 00:01:03.020000,187.5,37.196156,33.219668,0.6666666666666666,26.666666666666668,44.44444444444444
0 days 00:01:04.020000,187.5,37.198733,33.22081,0.6666666666666666,26.666666666666668,44.44444444444444
0 days 00:01:05.020000,187.5,37.201311,33.22193,0.6666666666666666,26.666666666666668,44.44444444444444
0 days 00:01:06.020000,187.5,37.203888,33.223026,0.6666666666666666,26.666666666666668,44.44444444444444
0 days 00:01:07.020000,187.5,37.206464,33.2241,0.6666666666666666,26.666666666666668,44.44444444444444
0 days 00:01:08.020000,187.5,37.209041,33.22515,0.6666666666666666,26.666666666666668,44.44444444444444
0 days 00:01:09.020000,187.5,37.211618,33.226178,0.6666666666666666,26.666666666666668,44.44444444444444
0 days 00:01:10.020000,187.5,37.214194,33.227183,0.6666666666666666,26.666666666666668,44.44444444444444
0 days 00:01:11.020000,187.5,37.216771,33.228166,0.6666666666666666,26.666666666666668,44.44444444444444
0 days 00:01:12.020000,187.5,37.219348,33.229126,0.6666666666666666,26.666666666666668,44.44444444444444
0 days 00:01:13.020000,187.5,37.221926,33.230064,0.6666666666666666,26.666666666666668,44.44444444444444
0 days 00:01:14.020000,187.5,37.224503,33.230979,0.6666666666666666,26.666666666666668,44.44444444444444
0 days 00:01:15.020000,187.5,37.227081,33.231872,0.6666666666666666,26.666666666666668,44.44444444444444
0 days 00:01:16.020000,187.5,37.22966,33.232743,0.6666666666666666,26.666666666666668,44.44444444444444
0 days 00:01:17.020000,187.5,37.232239,33.233592,0.6666666666666666,26.666666666666668,44.44444444444444
0 days 00:01:18.020000,187.5,37.234817,33.234418,0.6666666666666666,26.666666666666668,44.44444444444444
0 days 00:01:19.020000,187.5,37.237397,33.235222,0.6666666666666666,26.666666666666668,44.44444444444444
0 days 00:01:20.020000,187.5,37.239977,33.236005,0.6666666666666666,26.666666666666668,44.44444444444444
0 days 00:01:21.020000,187.5,37.242558,33.236765,0.6666666666666666,26.666666666666668,44.44444444444444
0 days 00:01:22.020000,187.5,37.245141,33.237504,0.6666666666666666,26.666666666666668,44.44444444444444
0 days 00:01:23.020000,187.5,37.247723,33.23822,0.6666666666666666,26.666666666666668,44.44444444444444
0 days 00:01:24.020000,187.5,37.250306,33.238915,0.6666666666666666,26.666666666666668,44.44444444444444
0 days 00:01:25.020000,187.5,37.25289,33.239588,0.6666666666666666,26.666666666666668,44.44444444444444
0 days 00:01:26.020000,187.5,37.255474,33.24024,0.6666666666666666,26.666666666666668,44.44444444444444
0 days 00:01:27.020000,187.5,37.258058,33.24087,0.6666666666666666,26.666666666666668,44.44444444444444
0 days 00:01:28.020000,187.5,37.260643,33.241478,0.6666666666666666,26.666666666666668,44.44444444444444
0 days 00:01:29.020000,187.5,37.263228,33.242064,0.6666666666666666,26.666666666666668,44.44444444444444
0 days 00:01:30.020000,187.5,37.265814,33.242629,0.6666666666666666,26.666666666666668,44.44444444444444
0 days 00:01:31.020000,187.5,37.268399,33.243172,0.6666666666666666,26.666666666666668,44.44444444444444
0 days 00:01:32.020000,187.5,37.270986,33.243694,0.6666666666666666,26.666666666666668,44.44444444444444
0 days 00:01:33.020000,187.5,37.273572,33.244194,0.6666666666666666,26.666666666666668,44.44444444444444
0 days 00:01:34.020000,187.5,37.276158,33.244673,0.6666666666666666,26.666666666666668,44.44444444444444
0 days 00:01:35.020000,187.5,37.278745,33.24513,0.6666666666666666,26.666666666666668,44.44444444444444
0 days 00:01:36.020000,187.5,37.281331,33.245566,0.6666666666666666,26.666666666666668,44.44444444444444
0 days 00:01:37.020000,187.5,37.283918,33.24598,0.6666666666666666,26.666666666666668,44.44444444444444
0 days 00:01:38.020000,187.5,37.286504,33.246373,0.6666666666666666,26.666666666666668,44.44444444444444
0 days 00:01:39.020000,187.5,37.289091,33.246745,0.6666666666666666,26.666666666666668,44.44444444444444
0 days 00:01:40.020000,187.5,37.291678,33.247095,0.6666666666666666,26.666666666666668,44.44444444444444
0 days 00:01:41.020000,187.5,37.294265,33.247424,0.6666666666666666,26.666666666666668,44.44444444444444
0 days 00:01:42.020000,187.5,37.296851,33.247732,0.6666666666666666,26.666666666666668,44.44444444444444
0 days 00:01:43.020000,187.5,37.299438,33.248019,0.6666666666666666,26.666666666666668,44.44444444444444
0 days 00:01:44.020000,187.5,37.302025,33.248284,0.6666666666666666,26.666666666666668,44.44444444444444
0 days 00:01:45.020000,187.5,37.304613,33.248529,0.6666666666666666,26.666666666666668,44.44444444444444
0 days 00:01:46.020000,187.5,37.3072,33.248752,0.6666666666666666,26.666666666666668,44.44444444444444
0 days 00:01:47.020000,187.5,37.309788,33.248954,0.6666666666666666,26.666666666666668,44.44444444444444
0 days 00:01:48.020000,187.5,37.312376,33.249134,0.6666666666666666,26.666666666666668,44.44444444444444
0 days 00:01:49.020000,187.5,37.314964,33.249294,0.6666666666666666,26.666666666666668,44.44444444444444
0 days 00:01:50.020000,187.5,37.317551,33.249432,0.6666666666666666,26.666666666666668,44.44444444444444
0 days 00:01:51.020000,187.5,37.320139,33.249549,0.6666666666666666,26.666666666666668,44.44444444444444
0 days 00:01:52.020000,187.5,37.322727,33.249645,0.6666666666666666,26.666666666666668,44.44444444444444
0 days 00:01:53.020000,187.5,37.325315,33.24972,0.6666666666666666,26.666666666666668,44.44444444444444
0 days 00:01:54.020000,187.5,37.327902,33.249774,0.6666666666666666,26.666666666666668,44.44444444444444
0 days 00:01:55.020000,187.5,37.33049,33.249807,0.6666666666666666,26.666666666666668,44.44444444444444
0 days 00:01:56.020000,187.5,37.333078,33.249819,0.6666666666666666,26.666666666666668,44.44444444444444
0 days 00:01:57.020000,187.5,37.335665,33.24981,0.6666666666666666,26.666666666666668,44.44444444444444
0 days 00:01:58.020000,187.5,37.338253,33.249779,0.6666666666666666,26.666666666666668,44.44444444444444
0 days 00:01:59.020000,187.5,37.34084,33.249728,0.6666666666666666,26.666666666666668,44.44444444444444
0 days 00:02:00.020000,187.5,37.343428,33.249656,0.6666666666666666,26.666666666666668,44.44444444444444
0 days 00:02:01.020000,187.5,37.346015,33.249563,0.6666666666666666,26.666666666666668,44.44444444444444
0 days 00:02:02.020000,187.5,37.348602,33.24945,0.6666666666666666,26.666666666666668,44.44444444444444
0 days 00:02:03.020000,187.5,37.35119,33.249315,0.6666666666666666,26.666666666666668,44.44444444444444
0 days 00:02:04.020000,187.5,37.353777,33.249159,0.6666666666666666,26.666666666666668,44.44444444444444
0 days 00:02:05.020000,187.5,37.356365,33.248982,0.6666666666666666,26.666666666666668,44.44444444444444
0 days 00:02:06.020000,187.5,37.358952,33.248785,0.6666666666666666,26.666666666666668,44.44444444444444
0 days 00:02:07.020000,187.5,37.361539,33.248566,0.6666666666666666,26.666666666666668,44.44444444444444
0 days 00:02:08.020000,187.5,37.364127,33.248327,0.6666666666666666,26.666666666666668,44.44444444444444
0 days 00:02:09.020000,187.5,37.366714,33.248066,0.6666666666666666,26.666666666666668,44.44444444444444
0 days 00:02:10.020000,187.5,37.369302,33.247785,0.6666666666666666,26.666666666666668,44.44444444444444
0 days 00:02:11.020000,187.5,37.371889,33.247483,0.6666666666666666,26.666666666666668,44.44444444444444
0 days 00:02:12.020000,187.5,37.374477,33.24716,0.6666666666666666,26.666666666666668,44.44444444444444
0 days 00:02:13.020000,187.5,37.377064,33.246816,0.6666666666666666,26.666666666666668,44.44444444444444
0 days 00:02:14.020000,187.5,37.379652,33.246452,0.6666666666666666,26.666666666666668,44.44444444444444
0 days 00:02:15.020000,187.5,37.382239,33.246066,0.6666666666666666,26.666666666666668,44.44444444444444
0 days 00:02:16.020000,187.5,37.384827,33.24566,0.6666666666666666,26.666666666666668,44.44444444444444
0 days 00:02:17.020000,187.5,37.387415,33.245233,0.6666666666666666,26.666666666666668,44.44444444444444
0 days 00:02:18.020000,187.5,37.390003,33.244785,0.6666666666666666,26.666666666666668,44.44444444444444
0 days 00:02:19.020000,187.5,37.392591,33.244317,0.6666666666666666,26.666666666666668,44.44444444444444
0 days 00:02:20.020000,187.5,37.395178,33.243828,0.6666666666666666,26.666666666666668,44.44444444444444
0 days 00:02:21.020000,187.5,37.397766,33.243318,0.6666666666666666,26.666666666666668,44.44444444444444
0 days 00:02:22.020000,187.5,37.400354,33.242787,0.6666666666666666,26.666666666666668,44.44444444444444
0 days 00:02:23.020000,187.5,37.402942,33.242236,0.6666666666666666,26.666666666666668,44.44444444444444
0 days 00:02:24.020000,187.5,37.405531,33.241664,0.6666666666666666,26.666666666666668,44.44444444444444
0 days 00:02:25.020000,187.5,37.40812,33.24107,0.6666666666666666,26.666666666666668,44.44444444444444
0 days 00:02:26.020000,187.5,37.410709,33.240456,0.6666666666666666,26.666666666666668,44.44444444444444
0 days 00:02:27.020000,187.5,37.413299,33.239822,0.6666666666666666,26.666666666666668,44.44444444444444
0 days 00:02:28.020000,187.5,37.415888,33.239166,0.6666666666666666,26.666666666666668,44.44444444444444
0 days 00:02:29.020000,187.5,37.418477,33.23849,0.6666666666666666,26.666666666666668,44.44444444444444
0 days 00:02:30.020000,187.5,37.421067,33.237793,0.6666666666666666,26.666666666666668,44.44444444444444
0 days 00:02:31.020000,187.5,37.423656,33.237075,0.6666666666666666,26.666666666666668,44.44444444444444
0 days 00:02:32.020000,187.5,37.426246,33.236337,0.6666666666666666,26.666666666666668,44.44444444444444
0 days 00:02:33.020000,187.5,37.428835,33.235578,0.6666666666666666,26.666666666666668,44.44444444444444
0 days 00:02:34.020000,187.5,37.431425,33.234798,0.6666666666666666,26.666666666666668,44.44444444444444
0 days 00:02:35.020000,187.5,37.434014,33.233998,0.6666666666666666,26.666666666666668,44.44444444444444
0 days 00:02:36.020000,187.5,37.436603,33.233177,0.6666666666666666,26.666666666666668,44.44444444444444
0 days 00:02:37.020000,187.5,37.439193,33.232336,0.6666666666666666,26.666666666666668,44.44444444444444
0 days 00:02:38.020000,187.5,37.441782,33.231474,0.6666666666666666,26.666666666666668,44.44444444444444
0 days 00:02:39.020000,187.5,37.444371,33.230591,0.6666666666666666,26.666666666666668,44.44444444444444
0 days 00:02:40.020000,187.5,37.44696,33.229687,0.6666666666666666,26.666666666666668,44.44444444444444
0 days 00:02:41.020000,187.5,37.449549,33.228763,0.6666666666666666,26.666666666666668,44.44444444444444
0 days 00:02:42.020000,187.5,37.452137,33.227818,0.6666666666666666,26.666666666666668,44.44444444444444
0 days 00:02:43.020000,187.5,37.454726,33.226852,0.6666666666666666,26.666666666666668,44.44444444444444
0 days 00:02:44.020000,187.5,37.457315,33.225866,0.6666666666666666,26.666666666666668,44.44444444444444
0 days 00:02:45.020000,187.5,37.459903,33.224859,0.6666666666666666,26.666666666666668,44.44444444444444
0 days 00:02:46.020000,187.5,37.462491,33.223832,0.6666666666666666,26.666666666666668,44.44444444444444
0 days 00:02:47.020000,187.5,37.465079,33.222784,0.6666666666666666,26.666666666666668,44.44444444444444
0 days 00:02:48.020000,187.5,37.467667,33.221716,0.6666666666666666,26.666666666666668,44.44444444444444
0 days 00:02:49.020000,187.5,37.470255,33.220627,0.6666666666666666,26.666666666666668,44.44444444444444
0 days 00:02:50.020000,187.5,37.472843,33.219518,0.6666666666666666,26.666666666666668,44.44444444444444
0 days 00:02:51.020000,187.5,37.47543,33.218388,0.6666666666666666,26.666666666666668,44.44444444444444
0 days 00:02:52.020000,187.5,37.478017,33.217238,0.6666666666666666,26.666666666666668,44.44444444444444
0 days 00:02:53.020000,187.5,37.480605,33.216068,0.6666666666666666,26.666666666666668,44.44444444444444
0 days 00:02:54.020000,187.5,37.483192,33.214877,0.6666666666666666,26.666666666666668,44.44444444444444
0 days 00:02:55.020000,187.5,37.485778,33.213666,0.6666666666666666,26.666666666666668,44.44444444444444
0 days 00:02:56.020000,187.5,37.488365,33.212434,0.6666666666666666,26.666666666666668,44.44444444444444
0 days 00:02:57.020000,187.5,37.490951,33.211182,0.6666666666666666,26.666666666666668,44.44444444444444
0 days 00:02:58.020000,187.5,37.493538,33.209909,0.6666666666666666,26.666666666666668,44.44444444444444
0 days 00:02:59.020000,187.5,37.496124,33.208616,0.6666666666666666,26.666666666666668,44.44444444444444
0 days 00:03:00.020000,187.5,37.49871,33.207302,0.6666666666666666,26.666666666666668,44.44444444444444
0 days 00:03:01.020000,187.5,37.501295,33.205969,0.6666666666666666,26.666666666666668,44.44444444444444
0 days 00:03:02.020000,187.5,37.503881,33.204615,0.6666666666666666,26.666666666666668,44.44444444444444
0 days 00:03:03.020000,187.5,37.506466,33.20324,0.6666666666666666,26.666666666666668,44.44444444444444
0 days 00:03:04.020000,187.5,37.509051,33.201846,0.6666666666666666,26.666666666666668,44.44444444444444
0 days 00:03:05.020000,187.5,37.511636,33.200431,0.6666666666666666,26.666666666666668,44.44444444444444
0 days 00:03:06.020000,187.5,37.514221,33.198996,0.6666666666666666,26.666666666666668,44.44444444444444
0 days 00:03:07.020000,187.5,37.516806,33.19754,0.6666666666666666,26.666666666666668,44.44444444444444
0 days 00:03:08.020000,187.5,37.51939,33.196065,0.6666666666666666,26.666666666666668,44.44444444444444
0 days 00:03:09.020000,187.5,37.521974,33.19457,0.6666666666666666,26.666666666666668,44.44444444444444
0 days 00:03:10.020000,187.5,37.524558,33.193055,0.6666666666666666,26.666666666666668,44.44444444444444
0 days 00:03:11.020000,187.5,37.527142,33.191519,0.6666666666666666,26.666666666666668,44.44444444444444
0 days 00:03:12.020000,187.5,37.529726,33.189964,0.6666666666666666,26.666666666666668,44.44444444444444
0 days 00:03:13.020000,187.5,37.532309,33.188388,0.6666666666666666,26.666666666666668,44.44444444444444
0 days 00:03:14.020000,187.5,37.534893,33.186792,0.6666666666666666,26.666666666666668,44.44444444444444
0 days 00:03:15.020000,187.5,37.537476,33.185176,0.6666666666666666,26.666666666666668,44.44444444444444
0 days 00:03:16.020000,187.5,37.540059,33.183539,0.6666666666666666,26.666666666666668,44.44444444444444
0 days 00:03:17.020000,187.5,37.542641,33.181883,0.6666666666666666,26.666666666666668,44.44444444444444
0 days 00:03:18.020000,187.5,37.545224,33.180207,0.6666666666666666,26.666666666666668,44.44444444444444
0 days 00:03:19.020000,187.5,37.547806,33.17851,0.6666666666666666,26.666666666666668,44.44444444444444
0 days 00:03:20.020000,187.5,37.550388,33.176794,0.6666666666666666,26.666666666666668,44.44444444444444
0 days 00:03:21.020000,187.5,37.55297,33.175058,0.6666666666666666,26.666666666666668,44.44444444444444
0 days 00:03:22.020000,187.5,37.555552,33.173302,0.6666666666666666,26.666666666666668,44.44444444444444
0 days 00:03:23.020000,187.5,37.558133,33.171526,0.6666666666666666,26.666666666666668,44.44444444444444
0 days 00:03:24.020000,187.5,37.560715,33.16973,0.6666666666666666,26.666666666666668,44.44444444444444
0 days 00:03:25.020000,187.5,37.563296,33.167914,0.6666666666666666,26.666666666666668,44.44444444444444
0 days 00:03:26.020000,187.5,37.565877,33.166079,0.6666666666666666,26.666666666666668,44.44444444444444
0 days 00:03:27.020000,187.5,37.568457,33.164224,0.6666666666666666,26.666666666666668,44.44444444444444
0 days 00:03:28.020000,187.5,37.571038,33.162349,0.6666666666666666,26.666666666666668,44.44444444444444
0 days 00:03:29.020000,187.5,37.573618,33.160455,0.6666666666666666,26.666666666666668,44.44444444444444
0 days 00:03:30.020000,187.5,37.576198,33.15854,0.6666666666666666,26.666666666666668,44.44444444444444
0 days 00:03:31.020000,187.5,37.578778,33.156606,0.6666666666666666,26.666666666666668,44.44444444444444
0 days 00:03:32.020000,187.5,37.581357,33.154652,0.6666666666666666,26.666666666666668,44.44444444444444
0 days 00:03:33.020000,187.5,37.583937,33.152678,0.6666666666666666,26.666666666666668,44.44444444444444
0 days 00:03:34.020000,187.5,37.586516,33.150684,0.6666666666666666,26.666666666666668,44.44444444444444
0 days 00:03:35.020000,187.5,37.589095,33.148671,0.6666666666666666,26.666666666666668,44.44444444444444
0 days 00:03:36.020000,187.5,37.591674,33.146638,0.6666666666666666,26.666666666666668,44.44444444444444
0 days 00:03:37.020000,187.5,37.594252,33.144585,0.6666666666666666,26.666666666666668,44.44444444444444
0 days 00:03:38.020000,187.5,37.59683,33.142513,0.6666666666666666,26.666666666666668,44.44444444444444
0 days 00:03:39.020000,187.5,37.599409,33.140421,0.6666666666666666,26.666666666666668,44.44444444444444
0 days 00:03:40.020000,187.5,37.601986,33.138309,0.6666666666666666,26.666666666666668,44.44444444444444
0 days 00:03:41.020000,187.5,37.604564,33.136179,0.6666666666666666,26.666666666666668,44.44444444444444
0 days 00:03:42.020000,187.5,37.607141,33.134028,0.6666666666666666,26.666666666666668,44.44444444444444
0 days 00:03:43.020000,187.5,37.609718,33.131859,0.6666666666666666,26.666666666666668,44.44444444444444
0 days 00:03:44.020000,187.5,37.612295,33.12967,0.6666666666666666,26.666666666666668,44.44444444444444
0 days 00:03:45.020000,187.5,37.614872,33.127462,0.6666666666666666,26.666666666666668,44.44444444444444
0 days 00:03:46.020000,187.5,37.617448,33.125234,0.6666666666666666,26.666666666666668,44.44444444444444
0 days 00:03:47.020000,187.5,37.620024,33.122986,0.6666666666666666,26.666666666666668,44.44444444444444
0 days 00:03:48.020000,187.5,37.6226,33.120719,0.6666666666666666,26.666666666666668,44.44444444444444
0 days 00:03:49.020000,187.5,37.625177,33.118433,0.6666666666666666,26.666666666666668,44.44444444444444
0 days 00:03:50.020000,187.5,37.627754,33.116127,0.6666666666666666,26.666666666666668,44.44444444444444
0 days 00:03:51.020000,187.5,37.63033,33.113802,0.6666666666666666,26.666666666666668,44.44444444444444
0 days 00:03:52.020000,187.5,37.632906,33.111457,0.6666666666666666,26.666666666666668,44.44444444444444
0 days 00:03:53.020000,187.5,37.635482,33.109093,0.6666666666666666,26.666666666666668,44.44444444444444
0 days 00:03:54.020000,187.5,37.638058,33.10671,0.6666666666666666,26.666666666666668,44.44444444444444
0 days 00:03:55.020000,187.5,37.640634,33.104307,0.6666666666666666,26.666666666666668,44.44444444444444
0 days 00:03:56.020000,187.5,37.643209,33.101885,0.6666666666666666,26.666666666666668,44.44444444444444
0 days 00:03:57.020000,187.5,37.645784,33.099444,0.6666666666666666,26.666666666666668,44.44444444444444
0 days 00:03:58.020000,187.5,37.648359,33.096984,0.6666666666666666,26.666666666666668,44.44444444444444
0 days 00:03:59.020000,187.5,37.650934,33.094505,0.6666666666666666,26.666666666666668,44.44444444444444
0 days 00:04:00.020000,187.5,37.653508,33.092007,0.6666666666666666,26.666666666666668,44.44444444444444
0 days 00:04:01.020000,187.5,37.656082,33.08949,0.6666666666666666,26.666666666666668,44.44444444444444
0 days 00:04:02.020000,187.5,37.658656,33.086954,0.6666666666666666,26.666666666666668,44.44444444444444
0 days 00:04:03.020000,187.5,37.661229,33.084399,0.6666666666666666,26.666666666666668,44.44444444444444
0 days 00:04:04.020000,187.5,37.663803,33.081824,0.6666666666666666,26.666666666666668,44.44444444444444
0 days 00:04:05.020000,187.5,37.666375,33.079231,0.6666666666666666,26.666666666666668,44.44444444444444
0 days 00:04:06.020000,187.5,37.668948,33.076618,0.6666666666666666,26.666666666666668,44.44444444444444
0 days 00:04:07.020000,187.5,37.67152,33.073986,0.6666666666666666,26.666666666666668,44.44444444444444
0 days 00:04:08.020000,187.5,37.674092,33.071335,0.6666666666666666,26.666666666666668,44.44444444444444
0 days 00:04:09.020000,187.5,37.676664,33.068665,0.6666666666666666,26.666666666666668,44.44444444444444
0 days 00:04:10.020000,187.5,37.679235,33.065976,0.6666666666666666,26.666666666666668,44.44444444444444
0 days 00:04:11.020000,187.5,37.681806,33.063268,0.6666666666666666,26.666666666666668,44.44444444444444
0 days 00:04:12.020000,187.5,37.684377,33.060541,0.6666666666666666,26.666666666666668,44.44444444444444
0 days 00:04:13.020000,187.5,37.686947,33.057795,0.6666666666666666,26.666666666666668,44.44444444444444
0 days 00:04:14.020000,187.5,37.689517,33.055031,0.6666666666666666,26.666666666666668,44.44444444444444
0 days 00:04:15.020000,187.5,37.692087,33.052248,0.6666666666666666,26.666666666666668,44.44444444444444
0 days 00:04:16.020000,187.5,37.694656,33.049446,0.6666666666666666,26.666666666666668,44.44444444444444
0 days 00:04:17.020000,187.5,37.697225,33.046626,0.6666666666666666,26.666666666666668,44.44444444444444
0 days 00:04:18.020000,187.5,37.699794,33.043787,0.6666666666666666,26.666666666666668,44.44444444444444
0 days 00:04:19.020000,187.5,37.702362,33.040929,0.6666666666666666,26.666666666666668,44.44444444444444
0 days 00:04:20.020000,187.5,37.70493,33.038052,0.6666666666666666,26.666666666666668,44.44444444444444
0 days 00:04:21.020000,187.5,37.707497,33.035157,0.6666666666666666,26.666666666666668,44.44444444444444
0 days 00:04:22.020000,187.5,37.710064,33.032243,0.6666666666666666,26.666666666666668,44.44444444444444
0 days 00:04:23.020000,187.5,37.712631,33.02931,0.6666666666666666,26.666666666666668,44.44444444444444
0 days 00:04:24.020000,187.5,37.715198,33.026358,0.6666666666666666,26.666666666666668,44.44444444444444
0 days 00:04:25.020000,187.5,37.717764,33.023388,0.6666666666666666,26.666666666666668,44.44444444444444
0 days 00:04:26.020000,187.5,37.72033,33.020399,0.6666666666666666,26.666666666666668,44.44444444444444
0 days 00:04:27.020000,187.5,37.722895,33.017392,0.6666666666666666,26.666666666666668,44.44444444444444
0 days 00:04:28.020000,187.5,37.72546,33.014366,0.6666666666666666,26.666666666666668,44.44444444444444
0 days 00:04:29.020000,187.5,37.728025,33.011321,0.6666666666666666,26.666666666666668,44.44444444444444
0 days 00:04:30.020000,187.5,37.730589,33.008259,0.6666666666666666,26.666666666666668,44.44444444444444
0 days 00:04:31.020000,187.5,37.733153,33.005177,0.6666666666666666,26.666666666666668,44.44444444444444
0 days 00:04:32.020000,187.5,37.735717,33.002077,0.6666666666666666,26.666666666666668,44.44444444444444
0 days 00:04:33.020000,187.5,37.73828,32.99896,0.6666666666666666,26.666666666666668,44.44444444444444
0 days 00:04:34.020000,187.5,37.740843,32.995824,0.6666666666666666,26.666666666666668,44.44444444444444
0 days 00:04:35.020000,187.5,37.743405,32.992669,0.6666666666666666,26.666666666666668,44.44444444444444
0 days 00:04:36.020000,187.5,37.745967,32.989497,0.6666666666666666,26.666666666666668,44.44444444444444
0 days 00:04:37.020000,187.5,37.748529,32.986306,0.6666666666666666,26.666666666666668,44.44444444444444
0 days 00:04:38.020000,187.5,37.75109,32.983097,0.6666666666666666,26.666666666666668,44.44444444444444
0 days 00:04:39.020000,187.5,37.753651,32.979869,0.6666666666666666,26.666666666666668,44.44444444444444
0 days 00:04:40.020000,187.5,37.756212,32.976623,0.6666666666666666,26.666666666666668,44.44444444444444
0 days 00:04:41.020000,187.5,37.758772,32.973358,0.6666666666666666,26.666666666666668,44.44444444444444
0 days 00:04:42.020000,187.5,37.761332,32.970075,0.6666666666666666,26.666666666666668,44.44444444444444
0 days 00:04:43.020000,187.5,37.763891,32.966774,0.6666666666666666,26.666666666666668,44.44444444444444
0 days 00:04:44.020000,187.5,37.76645,32.963455,0.6666666666666666,26.666666666666668,44.44444444444444
0 days 00:04:45.020000,187.5,37.769009,32.960118,0.6666666666666666,26.666666666666668,44.44444444444444
0 days 00:04:46.020000,187.5,37.771567,32.956762,0.6666666666666666,26.666666666666668,44.44444444444444
0 days 00:04:47.020000,187.5,37.774125,32.953389,0.6666666666666666,26.666666666666668,44.44444444444444
0 days 00:04:48.020000,187.5,37.776682,32.949997,0.6666666666666666,26.666666666666668,44.44444444444444
0 days 00:04:49.020000,187.5,37.779239,32.946588,0.6666666666666666,26.666666666666668,44.44444444444444
0 days 00:04:50.020000,187.5,37.781796,32.94316,0.6666666666666666,26.666666666666668,44.44444444444444
0 days 00:04:51.020000,187.5,37.784352,32.939715,0.6666666666666666,26.666666666666668,44.44444444444444
0 days 00:04:52.020000,187.5,37.786908,32.936253,0.6666666666666666,26.666666666666668,44.44444444444444
0 days 00:04:53.020000,187.5,37.789463,32.932772,0.6666666666666666,26.666666666666668,44.44444444444444
0 days 00:04:54.020000,187.5,37.792018,32.929273,0.6666666666666666,26.666666666666668,44.44444444444444
0 days 00:04:55.020000,187.5,37.794573,32.925756,0.6666666666666666,26.666666666666668,44.44444444444444
0 days 00:04:56.020000,187.5,37.797127,32.922221,0.6666666666666666,26.666666666666668,44.44444444444444
0 days 00:04:57.020000,187.5,37.79968,32.918668,0.6666666666666666,26.666666666666668,44.44444444444444
0 days 00:04:58.020000,187.5,37.802234,32.915098,0.6666666666666666,26.666666666666668,44.44444444444444
0 days 00:04:59.020000,187.5,37.804787,32.911509,0.6666666666666666,26.666666666666668,44.44444444444444
0 days 00:05:00.020000,187.5,37.807339,32.907902,0.6666666666666666,26.666666666666668,44.44444444444444
0 days 00:05:01.020000,187.5,37.809891,32.904278,0.6666666666666666,26.666666666666668,44.44444444444444
0 days 00:05:02.020000,187.5,37.812443,32.900636,0.6666666666666666,26.666666666666668,44.44444444444444
0 days 00:05:03.020000,187.5,37.814994,32.896976,0.6666666666666666,26.666666666666668,44.44444444444444
0 days 00:05:04.020000,187.5,37.817545,32.893298,0.6666666666666666,26.666666666666668,44.44444444444444
0 days 00:05:05.020000,187.5,37.820095,32.889603,0.6666666666666666,26.666666666666668,44.44444444444444
0 days 00:05:06.020000,187.5,37.822645,32.88589,0.6666666666666666,26.666666666666668,44.44444444444444
0 days 00:05:07.020000,187.5,37.825195,32.88216,0.6666666666666666,26.666666666666668,44.44444444444444
0 days 00:05:08.020000,187.5,37.827744,32.878413,0.6666666666666666,26.666666666666668,44.44444444444444
0 days 00:05:09.020000,187.5,37.830292,32.874648,0.6666666666666666,26.666666666666668,44.44444444444444
0 days 00:05:10.020000,187.5,37.832841,32.870865,0.6666666666666666,26.666666666666668,44.44444444444444
0 days 00:05:11.020000,187.5,37.835388,32.867065,0.6666666666666666,26.666666666666668,44.44444444444444
0 days 00:05:12.020000,187.5,37.837936,32.863247,0.6666666666666666,26.666666666666668,44.44444444444444
0 days 00:05:13.020000,187.5,37.840483,32.859412,0.6666666666666666,26.666666666666668,44.44444444444444
0 days 00:05:14.020000,187.5,37.843029,32.855558,0.6666666666666666,26.666666666666668,44.44444444444444
0 days 00:05:15.020000,187.5,37.845575,32.851688,0.6666666666666666,26.666666666666668,44.44444444444444
0 days 00:05:16.020000,187.5,37.848121,32.847799,0.6666666666666666,26.666666666666668,44.44444444444444
0 days 00:05:17.020000,187.5,37.850666,32.843894,0.6666666666666666,26.666666666666668,44.44444444444444
0 days 00:05:18.020000,187.5,37.85321,32.83997,0.6666666666666666,26.666666666666668,44.44444444444444
0 days 00:05:19.020000,187.5,37.855754,32.83603,0.6666666666666666,26.666666666666668,44.44444444444444
0 days 00:05:20.020000,187.5,37.858298,32.832072,0.6666666666666666,26.666666666666668,44.44444444444444
0 days 00:05:21.020000,187.5,37.860841,32.828097,0.6666666666666666,26.666666666666668,44.44444444444444
0 days 00:05:22.020000,187.5,37.863384,32.824104,0.6666666666666666,26.666666666666668,44.44444444444444
0 days 00:05:23.020000,187.5,37.865927,32.820095,0.6666666666666666,26.666666666666668,44.44444444444444
0 days 00:05:24.020000,187.5,37.868469,32.816068,0.6666666666666666,26.666666666666668,44.44444444444444
0 days 00:05:25.020000,187.5,37.87101,32.812025,0.6666666666666666,26.666666666666668,44.44444444444444
0 days 00:05:26.020000,187.5,37.873551,32.807964,0.6666666666666666,26.666666666666668,44.44444444444444
0 days 00:05:27.020000,187.5,37.876091,32.803886,0.6666666666666666,26.666666666666668,44.44444444444444
0 days 00:05:28.020000,187.5,37.878632,32.799791,0.6666666666666666,26.666666666666668,44.44444444444444
0 days 00:05:29.020000,187.5,37.881171,32.795679,0.6666666666666666,26.666666666666668,44.44444444444444
0 days 00:05:30.020000,187.5,37.88371,32.791549,0.6666666666666666,26.666666666666668,44.44444444444444
0 days 00:05:31.020000,187.5,37.886249,32.787402,0.6666666666666666,26.666666666666668,44.44444444444444
0 days 00:05:32.020000,187.5,37.888787,32.783238,0.6666666666666666,26.666666666666668,44.44444444444444
0 days 00:05:33.020000,187.5,37.891325,32.779056,0.6666666666666666,26.666666666666668,44.44444444444444
0 days 00:05:34.020000,187.5,37.893862,32.774858,0.6666666666666666,26.666666666666668,44.44444444444444
0 days 00:05:35.020000,187.5,37.896398,32.770642,0.6666666666666666,26.666666666666668,44.44444444444444
0 days 00:05:36.020000,187.5,37.898935,32.76641,0.6666666666666666,26.666666666666668,44.44444444444444
0 days 00:05:37.020000,187.5,37.90147,32.76216,0.6666666666666666,26.666666666666668,44.44444444444444
0 days 00:05:38.020000,187.5,37.904006,32.757894,0.6666666666666666,26.666666666666668,44.44444444444444
0 days 00:05:39.020000,187.5,37.90654,32.75361,0.6666666666666666,26.666666666666668,44.44444444444444
0 days 00:05:40.020000,187.5,37.909075,32.74931,0.6666666666666666,26.666666666666668,44.44444444444444
0 days 00:05:41.020000,187.5,37.911609,32.744993,0.6666666666666666,26.666666666666668,44.44444444444444
0 days 00:05:42.020000,187.5,37.914142,32.74066,0.6666666666666666,26.666666666666668,44.44444444444444
0 days 00:05:43.020000,187.5,37.916675,32.73631,0.6666666666666666,26.666666666666668,44.44444444444444
0 days 00:05:44.020000,187.5,37.919207,32.731943,0.6666666666666666,26.666666666666668,44.44444444444444
0 days 00:05:45.020000,187.5,37.921739,32.72756,0.6666666666666666,26.666666666666668,44.44444444444444
0 days 00:05:46.020000,187.5,37.92427,32.723159,0.6666666666666666,26.666666666666668,44.44444444444444
0 days 00:05:47.020000,187.5,37.926801,32.718741,0.6666666666666666,26.666666666666668,44.44444444444444
0 days 00:05:48.020000,187.5,37.929331,32.714307,0.6666666666666666,26.666666666666668,44.44444444444444
0 days 00:05:49.020000,187.5,37.931861,32.709855,0.6666666666666666,26.666666666666668,44.44444444444444
0 days 00:05:50.020000,187.5,37.93439,32.705387,0.6666666666666666,26.666666666666668,44.44444444444444
0 days 00:05:51.020000,187.5,37.936919,32.700902,0.6666666666666666,26.666666666666668,44.44444444444444
0 days 00:05:52.020000,187.5,37.939447,32.696401,0.6666666666666666,26.666666666666668,44.44444444444444
0 days 00:05:53.020000,187.5,37.941975,32.691882,0.6666666666666666,26.666666666666668,44.44444444444444
0 days 00:05:54.020000,187.5,37.944502,32.687348,0.6666666666666666,26.666666666666668,44.44444444444444
0 days 00:05:55.020000,187.5,37.947029,32.682796,0.6666666666666666,26.666666666666668,44.44444444444444
0 days 00:05:56.020000,187.5,37.949555,32.678228,0.6666666666666666,26.666666666666668,44.44444444444444
0 days 00:05:57.020000,187.5,37.952079,32.673644,0.6666666666666666,26.666666666666668,44.44444444444444
0 days 00:05:58.020000,187.5,37.954603,32.669043,0.6666666666666666,26.666666666666668,44.44444444444444
0 days 00:05:59.020000,187.5,37.957126,32.664427,0.6666666666666666,26.666666666666668,44.44444444444444
0 days 00:06:00.020000,187.5,37.959649,32.659794,0.6666666666666666,26.666666666666668,44.44444444444444
0 days 00:06:01.020000,187.5,37.962171,32.655144,0.6666666666666666,26.666666666666668,44.44444444444444
0 days 00:06:02.020000,187.5,37.964692,32.650478,0.6666666666666666,26.666666666666668,44.44444444444444
0 days 00:06:03.020000,187.5,37.967213,32.645795,0.6666666666666666,26.666666666666668,44.44444444444444
0 days 00:06:04.020000,187.5,37.969734,32.641096,0.6666666666666666,26.666666666666668,44.44444444444444
0 days 00:06:05.020000,187.5,37.972253,32.636381,0.6666666666666666,26.666666666666668,44.44444444444444
0 days 00:06:06.020000,187.5,37.974773,32.631648,0.6666666666666666,26.666666666666668,44.44444444444444
0 days 00:06:07.020000,187.5,37.977291,32.6269,0.6666666666666666,26.666666666666668,44.44444444444444
0 days 00:06:08.020000,187.5,37.979809,32.622135,0.6666666666666666,26.666666666666668,44.44444444444444
0 days 00:06:09.020000,187.5,37.982327,32.617353,0.6666666666666666,26.666666666666668,44.44444444444444
0 days 00:06:10.020000,187.5,37.984844,32.612556,0.6666666666666666,26.666666666666668,44.44444444444444
0 days 00:06:11.020000,187.5,37.98736,32.607742,0.6666666666666666,26.666666666666668,44.44444444444444
0 days 00:06:12.020000,187.5,37.989876,32.602912,0.6666666666666666,26.666666666666668,44.44444444444444
0 days 00:06:13.020000,187.5,37.992392,32.598066,0.6666666666666666,26.666666666666668,44.44444444444444
0 days 00:06:14.020000,187.5,37.994907,32.593204,0.6666666666666666,26.666666666666668,44.44444444444444
0 days 00:06:15.020000,187.5,37.997421,32.588326,0.6666666666666666,26.666666666666668,44.44444444444444
0 days 00:06:16.020000,187.5,37.999935,32.583433,0.6666666666666666,26.666666666666668,44.44444444444444
0 days 00:06:17.020000,187.5,38.002448,32.578523,0.6666666666666666,26.666666666666668,44.44444444444444
0 days 00:06:18.020000,187.5,38.004961,32.573598,0.6666666666666666,26.666666666666668,44.44444444444444
0 days 00:06:19.020000,187.5,38.007473,32.568656,0.6666666666666666,26.666666666666668,44.44444444444444
0 days 00:06:20.020000,187.5,38.009985,32.563698,0.6666666666666666,26.666666666666668,44.44444444444444
0 days 00:06:21.020000,187.5,38.012496,32.558724,0.6666666666666666,26.666666666666668,44.44444444444444
0 days 00:06:22.020000,187.5,38.015006,32.553733,0.6666666666666666,26.666666666666668,44.44444444444444
0 days 00:06:23.020000,187.5,38.017516,32.548727,0.6666666666666666,26.666666666666668,44.44444444444444
0 days 00:06:24.020000,187.5,38.020026,32.543704,0.6666666666666666,26.666666666666668,44.44444444444444
0 days 00:06:25.020000,187.5,38.022535,32.538665,0.6666666666666666,26.666666666666668,44.44444444444444
0 days 00:06:26.020000,187.5,38.025043,32.533611,0.6666666666666666,26.666666666666668,44.44444444444444
0 days 00:06:27.020000,187.5,38.027551,32.52854,0.6666666666666666,26.666666666666668,44.44444444444444
0 days 00:06:28.020000,187.5,38.030058,32.523454,0.6666666666666666,26.666666666666668,44.44444444444444
0 days 00:06:29.020000,187.5,38.032565,32.518352,0.6666666666666666,26.666666666666668,44.44444444444444
0 days 00:06:30.020000,187.5,38.035071,32.513234,0.6666666666666666,26.666666666666668,44.44444444444444
0 days 00:06:31.020000,187.5,38.037577,32.5081,0.6666666666666666,26.666666666666668,44.44444444444444
0 days 00:06:32.020000,187.5,38.040082,32.502951,0.6666666666666666,26.666666666666668,44.44444444444444
0 days 00:06:33.020000,187.5,38.042586,32.497787,0.6666666666666666,26.666666666666668,44.44444444444444
0 days 00:06:34.020000,187.5,38.04509,32.492607,0.6666666666666666,26.666666666666668,44.44444444444444
0 days 00:06:35.020000,187.5,38.047594,32.487411,0.6666666666666666,26.666666666666668,44.44444444444444
0 days 00:06:36.020000,187.5,38.050097,32.4822,0.6666666666666666,26.666666666666668,44.44444444444444
0 days 00:06:37.020000,187.5,38.052599,32.476972,0.6666666666666666,26.666666666666668,44.44444444444444
0 days 00:06:38.020000,187.5,38.055101,32.471729,0.6666666666666666,26.666666666666668,44.44444444444444
0 days 00:06:39.020000,187.5,38.057602,32.466469,0.6666666666666666,26.666666666666668,44.44444444444444
0 days 00:06:40.020000,187.5,38.060102,32.461194,0.6666666666666666,26.666666666666668,44.44444444444444
0 days 00:06:41.020000,187.5,38.062602,32.455904,0.6666666666666666,26.666666666666668,44.44444444444444
0 days 00:06:42.020000,187.5,38.065102,32.450597,0.6666666666666666,26.666666666666668,44.44444444444444
0 days 00:06:43.020000,187.5,38.067601,32.445275,0.6666666666666666,26.666666666666668,44.44444444444444
0 days 00:06:44.020000,187.5,38.070099,32.439938,0.6666666666666666,26.666666666666668,44.44444444444444
0 days 00:06:45.020000,187.5,38.072597,32.434585,0.6666666666666666,26.666666666666668,44.44444444444444
0 days 00:06:46.020000,187.5,38.075094,32.429216,0.6666666666666666,26.666666666666668,44.44444444444444
0 days 00:06:47.020000,187.5,38.07759,32.423832,0.6666666666666666,26.666666666666668,44.44444444444444
0 days 00:06:48.020000,187.5,38.080086,32.418433,0.6666666666666666,26.666666666666668,44.44444444444444
0 days 00:06:49.020000,187.5,38.082582,32.413018,0.6666666666666666,26.666666666666668,44.44444444444444
0 days 00:06:50.020000,187.5,38.085076,32.407589,0.6666666666666666,26.666666666666668,44.44444444444444
0 days 00:06:51.020000,187.5,38.087571,32.402144,0.6666666666666666,26.666666666666668,44.44444444444444
0 days 00:06:52.020000,187.5,38.090064,32.396684,0.6666666666666666,26.666666666666668,44.44444444444444
0 days 00:06:53.020000,187.5,38.092557,32.391208,0.6666666666666666,26.666666666666668,44.44444444444444
0 days 00:06:54.020000,187.5,38.09505,32.385717,0.6666666666666666,26.666666666666668,44.44444444444444
0 days 00:06:55.020000,187.5,38.097541,32.38021,0.6666666666666666,26.666666666666668,44.44444444444444
0 days 00:06:56.020000,187.5,38.100033,32.374688,0.6666666666666666,26.666666666666668,44.44444444444444
0 days 00:06:57.020000,187.5,38.102523,32.36915,0.6666666666666666,26.666666666666668,44.44444444444444
0 days 00:06:58.020000,187.5,38.105013,32.363597,0.6666666666666666,26.666666666666668,44.44444444444444
0 days 00:06:59.020000,187.5,38.107503,32.358029,0.6666666666666666,26.666666666666668,44.44444444444444
0 days 00:07:00.020000,187.5,38.109991,32.352445,0.6666666666666666,26.666666666666668,44.44444444444444
0 days 00:07:01.020000,187.5,38.11248,32.346846,0.6666666666666666,26.666666666666668,44.44444444444444
0 days 00:07:02.020000,187.5,38.114967,32.341232,0.6666666666666666,26.666666666666668,44.44444444444444
0 days 00:07:03.020000,187.5,38.117454,32.335603,0.6666666666666666,26.666666666666668,44.44444444444444
0 days 00:07:04.020000,187.5,38.11994,32.329958,0.6666666666666666,26.666666666666668,44.44444444444444
0 days 00:07:05.020000,187.5,38.122426,32.324299,0.6666666666666666,26.666666666666668,44.44444444444444
0 days 00:07:06.020000,187.5,38.124911,32.318625,0.6666666666666666,26.666666666666668,44.44444444444444
0 days 00:07:07.020000,187.5,38.127395,32.312936,0.6666666666666666,26.666666666666668,44.44444444444444
0 days 00:07:08.020000,187.5,38.129879,32.307232,0.6666666666666666,26.666666666666668,44.44444444444444
0 days 00:07:09.020000,187.5,38.132362,32.301513,0.6666666666666666,26.666666666666668,44.44444444444444
0 days 00:07:10.020000,187.5,38.134845,32.295779,0.6666666666666666,26.666666666666668,44.44444444444444
0 days 00:07:11.020000,187.5,38.137326,32.29003,0.6666666666666666,26.666666666666668,44.44444444444444
0 days 00:07:12.020000,187.5,38.139808,32.284266,0.6666666666666666,26.666666666666668,44.44444444444444
0 days 00:07:13.020000,187.5,38.142288,32.278486,0.6666666666666666,26.666666666666668,44.44444444444444
0 days 00:07:14.020000,187.5,38.144768,32.272691,0.6666666666666666,26.666666666666668,44.44444444444444
0 days 00:07:15.020000,187.5,38.147247,32.266882,0.6666666666666666,26.666666666666668,44.44444444444444
0 days 00:07:16.020000,187.5,38.149726,32.261057,0.6666666666666666,26.666666666666668,44.44444444444444
0 days 00:07:17.020000,187.5,38.152204,32.255217,0.6666666666666666,26.666666666666668,44.44444444444444
0 days 00:07:18.020000,187.5,38.154681,32.249363,0.6666666666666666,26.666666666666668,44.44444444444444
0 days 00:07:19.020000,187.5,38.157158,32.243493,0.6666666666666666,26.666666666666668,44.44444444444444
0 days 00:07:20.020000,187.5,38.159634,32.237609,0.6666666666666666,26.666666666666668,44.44444444444444
0 days 00:07:21.020000,187.5,38.162109,32.23171,0.6666666666666666,26.666666666666668,44.44444444444444
0 days 00:07:22.020000,187.5,38.164584,32.225797,0.6666666666666666,26.666666666666668,44.44444444444444
0 days 00:07:23.020000,187.5,38.167058,32.219869,0.6666666666666666,26.666666666666668,44.44444444444444
0 days 00:07:24.020000,187.5,38.169532,32.213927,0.6666666666666666,26.666666666666668,44.44444444444444
0 days 00:07:25.020000,187.5,38.172004,32.20797,0.6666666666666666,26.666666666666668,44.44444444444444
0 days 00:07:26.020000,187.5,38.174476,32.201999,0.6666666666666666,26.666666666666668,44.44444444444444
0 days 00:07:27.020000,187.5,38.176948,32.196012,0.6666666666666666,26.666666666666668,44.44444444444444
0 days 00:07:28.020000,187.5,38.179419,32.190011,0.6666666666666666,26.666666666666668,44.44444444444444
0 days 00:07:29.020000,187.5,38.181889,32.183995,0.6666666666666666,26.666666666666668,44.44444444444444
0 days 00:07:30.020000,187.5,38.184358,32.177964,0.6666666666666666,26.666666666666668,44.44444444444444
0 days 00:07:31.020000,187.5,38.186827,32.171919,0.6666666666666666,26.666666666666668,44.44444444444444
0 days 00:07:32.020000,187.5,38.189295,32.165858,0.6666666666666666,26.666666666666668,44.44444444444444
0 days 00:07:33.020000,187.5,38.191762,32.159783,0.6666666666666666,26.666666666666668,44.44444444444444
0 days 00:07:34.020000,187.5,38.194229,32.153694,0.6666666666666666,26.666666666666668,44.44444444444444
0 days 00:07:35.020000,187.5,38.196695,32.14759,0.6666666666666666,26.666666666666668,44.44444444444444
0 days 00:07:36.020000,187.5,38.199161,32.141471,0.6666666666666666,26.666666666666668,44.44444444444444
0 days 00:07:37.020000,187.5,38.201625,32.135338,0.6666666666666666,26.666666666666668,44.44444444444444
0 days 00:07:38.020000,187.5,38.20409,32.129191,0.6666666666666666,26.666666666666668,44.44444444444444
0 days 00:07:39.020000,187.5,38.206553,32.123029,0.6666666666666666,26.666666666666668,44.44444444444444
0 days 00:07:40.020000,187.5,38.209016,32.116854,0.6666666666666666,26.666666666666668,44.44444444444444
0 days 00:07:41.020000,187.5,38.211478,32.110665,0.6666666666666666,26.666666666666668,44.44444444444444
0 days 00:07:42.020000,187.5,38.213939,32.104461,0.6666666666666666,26.666666666666668,44.44444444444444
0 days 00:07:43.020000,187.5,38.2164,32.098243,0.6666666666666666,26.666666666666668,44.44444444444444
0 days 00:07:44.020000,187.5,38.21886,32.09201,0.6666666666666666,26.666666666666668,44.44444444444444
0 days 00:07:45.020000,187.5,38.22132,32.085763,0.6666666666666666,26.666666666666668,44.44444444444444
0 days 00:07:46.020000,187.5,38.223778,32.079502,0.6666666666666666,26.666666666666668,44.44444444444444
0 days 00:07:47.020000,187.5,38.226236,32.073226,0.6666666666666666,26.666666666666668,44.44444444444444
0 days 00:07:48.020000,187.5,38.228694,32.066935,0.6666666666666666,26.666666666666668,44.44444444444444
0 days 00:07:49.020000,187.5,38.23115,32.06063,0.6666666666666666,26.666666666666668,44.44444444444444
0 days 00:07:50.020000,187.5,38.233606,32.054311,0.6666666666666666,26.666666666666668,44.44444444444444
0 days 00:07:51.020000,187.5,38.236062,32.047977,0.6666666666666666,26.666666666666668,44.44444444444444
0 days 00:07:52.020000,187.5,38.238517,32.04163,0.6666666666666666,26.666666666666668,44.44444444444444
0 days 00:07:53.020000,187.5,38.240971,32.035268,0.6666666666666666,26.666666666666668,44.44444444444444
0 days 00:07:54.020000,187.5,38.243424,32.028893,0.6666666666666666,26.666666666666668,44.44444444444444
0 days 00:07:55.020000,187.5,38.245877,32.022503,0.6666666666666666,26.666666666666668,44.44444444444444
0 days 00:07:56.020000,187.5,38.248329,32.016099,0.6666666666666666,26.666666666666668,44.44444444444444
0 days 00:07:57.020000,187.5,38.25078,32.009682,0.6666666666666666,26.666666666666668,44.44444444444444
0 days 00:07:58.020000,187.5,38.253231,32.003251,0.6666666666666666,26.666666666666668,44.44444444444444
0 days 00:07:59.020000,187.5,38.255681,31.996806,0.6666666666666666,26.666666666666668,44.44444444444444
0 days 00:08:00.020000,187.5,38.25813,31.990347,0.6666666666666666,26.666666666666668,44.44444444444444
0 days 00:08:01.020000,187.5,38.260578,31.983874,0.6666666666666666,26.666666666666668,44.44444444444444
0 days 00:08:02.020000,187.5,38.263026,31.977387,0.6666666666666666,26.666666666666668,44.44444444444444
0 days 00:08:03.020000,187.5,38.265474,31.970886,0.6666666666666666,26.666666666666668,44.44444444444444
0 days 00:08:04.020000,187.5,38.26792,31.96437,0.6666666666666666,26.666666666666668,44.44444444444444
0 days 00:08:05.020000,187.5,38.270366,31.95784,0.6666666666666666,26.666666666666668,44.44444444444444
0 days 00:08:06.020000,187.5,38.272811,31.951297,0.6666666666666666,26.666666666666668,44.44444444444444
0 days 00:08:07.020000,187.5,38.275256,31.944739,0.6666666666666666,26.666666666666668,44.44444444444444
0 days 00:08:08.020000,187.5,38.2777,31.938168,0.6666666666666666,26.666666666666668,44.44444444444444
0 days 00:08:09.020000,187.5,38.280143,31.931582,0.6666666666666666,26.666666666666668,44.44444444444444
0 days 00:08:10.020000,187.5,38.282585,31.924983,0.6666666666666666,26.666666666666668,44.44444444444444
0 days 00:08:11.020000,187.5,38.285027,31.91837,0.6666666666666666,26.666666666666668,44.44444444444444
0 days 00:08:12.020000,187.5,38.287468,31.911744,0.6666666666666666,26.666666666666668,44.44444444444444
0 days 00:08:13.020000,187.5,38.289908,31.905103,0.6666666666666666,26.666666666666668,44.44444444444444
0 days 00:08:14.020000,187.5,38.292348,31.89845,0.6666666666666666,26.666666666666668,44.44444444444444
0 days 00:08:15.020000,187.5,38.294787,31.891783,0.6666666666666666,26.666666666666668,44.44444444444444
0 days 00:08:16.020000,187.5,38.297225,31.885103,0.6666666666666666,26.666666666666668,44.44444444444444
0 days 00:08:17.020000,187.5,38.299663,31.878409,0.6666666666666666,26.666666666666668,44.44444444444444
0 days 00:08:18.020000,187.5,38.3021,31.871701,0.6666666666666666,26.666666666666668,44.44444444444444
0 days 00:08:19.020000,187.5,38.304536,31.864979,0.6666666666666666,26.666666666666668,44.44444444444444
0 days 00:08:20.020000,187.5,38.306972,31.858244,0.6666666666666666,26.666666666666668,44.44444444444444
0 days 00:08:21.020000,187.5,38.309407,31.851494,0.6666666666666666,26.666666666666668,44.44444444444444
0 days 00:08:22.020000,187.5,38.311841,31.844731,0.6666666666666666,26.666666666666668,44.44444444444444
0 days 00:08:23.020000,187.5,38.314274,31.837954,0.6666666666666666,26.666666666666668,44.44444444444444
0 days 00:08:24.020000,187.5,38.316707,31.831164,0.6666666666666666,26.666666666666668,44.44444444444444
0 days 00:08:25.020000,187.5,38.319139,31.82436,0.6666666666666666,26.666666666666668,44.44444444444444
0 days 00:08:26.020000,187.5,38.321571,31.817542,0.6666666666666666,26.666666666666668,44.44444444444444
0 days 00:08:27.020000,187.5,38.324001,31.810711,0.6666666666666666,26.666666666666668,44.44444444444444
0 days 00:08:28.020000,187.5,38.326431,31.803866,0.6666666666666666,26.666666666666668,44.44444444444444
0 days 00:08:29.020000,187.5,38.328861,31.797009,0.6666666666666666,26.666666666666668,44.44444444444444
0 days 00:08:30.020000,187.5,38.331289,31.790137,0.6666666666666666,26.666666666666668,44.44444444444444
0 days 00:08:31.020000,187.5,38.333717,31.783253,0.6666666666666666,26.666666666666668,44.44444444444444
0 days 00:08:32.020000,187.5,38.336144,31.776356,0.6666666666666666,26.666666666666668,44.44444444444444
0 days 00:08:33.020000,187.5,38.338571,31.769446,0.6666666666666666,26.666666666666668,44.44444444444444
0 days 00:08:34.020000,187.5,38.340997,31.762522,0.6666666666666666,26.666666666666668,44.44444444444444
0 days 00:08:35.020000,187.5,38.343422,31.755585,0.6666666666666666,26.666666666666668,44.44444444444444
0 days 00:08:36.020000,187.5,38.345846,31.748635,0.6666666666666666,26.666666666666668,44.44444444444444
0 days 00:08:37.020000,187.5,38.34827,31.74167,0.6666666666666666,26.666666666666668,44.44444444444444
0 days 00:08:38.020000,187.5,38.350693,31.734692,0.6666666666666666,26.666666666666668,44.44444444444444
0 days 00:08:39.020000,187.5,38.353115,31.727701,0.6666666666666666,26.666666666666668,44.44444444444444
0 days 00:08:40.020000,187.5,38.355536,31.720696,0.6666666666666666,26.666666666666668,44.44444444444444
0 days 00:08:41.020000,187.5,38.357957,31.713678,0.6666666666666666,26.666666666666668,44.44444444444444
0 days 00:08:42.020000,187.5,38.360377,31.706647,0.6666666666666666,26.666666666666668,44.44444444444444
0 days 00:08:43.020000,187.5,38.362797,31.699603,0.6666666666666666,26.666666666666668,44.44444444444444
0 days 00:08:44.020000,187.5,38.365216,31.692545,0.6666666666666666,26.666666666666668,44.44444444444444
0 days 00:08:45.020000,187.5,38.367634,31.685474,0.6666666666666666,26.666666666666668,44.44444444444444
0 days 00:08:46.020000,187.5,38.370051,31.678391,0.6666666666666666,26.666666666666668,44.44444444444444
0 days 00:08:47.020000,187.5,38.372467,31.671294,0.6666666666666666,26.666666666666668,44.44444444444444
0 days 00:08:48.020000,187.5,38.374882,31.664184,0.6666666666666666,26.666666666666668,44.44444444444444
0 days 00:08:49.020000,187.5,38.377296,31.657063,0.6666666666666666,26.666666666666668,44.44444444444444
0 days 00:08:50.020000,187.5,38.37971,31.649928,0.6666666666666666,26.666666666666668,44.44444444444444
0 days 00:08:51.020000,187.5,38.382122,31.64278,0.6666666666666666,26.666666666666668,44.44444444444444
0 days 00:08:52.020000,187.5,38.384534,31.635619,0.6666666666666666,26.666666666666668,44.44444444444444
0 days 00:08:53.020000,187.5,38.386945,31.628445,0.6666666666666666,26.666666666666668,44.44444444444444
0 days 00:08:54.020000,187.5,38.389355,31.621257,0.6666666666666666,26.666666666666668,44.44444444444444
0 days 00:08:55.020000,187.5,38.391765,31.614057,0.6666666666666666,26.666666666666668,44.44444444444444
0 days 00:08:56.020000,187.5,38.394173,31.606843,0.6666666666666666,26.666666666666668,44.44444444444444
0 days 00:08:57.020000,187.5,38.396581,31.599616,0.6666666666666666,26.666666666666668,44.44444444444444
0 days 00:08:58.020000,187.5,38.398989,31.592376,0.6666666666666666,26.666666666666668,44.44444444444444
0 days 00:08:59.020000,187.5,38.401395,31.585124,0.6666666666666666,26.666666666666668,44.44444444444444
0 days 00:09:00.020000,187.5,38.403801,31.577858,0.6666666666666666,26.666666666666668,44.44444444444444
0 days 00:09:01.020000,187.5,38.406206,31.57058,0.6666666666666666,26.666666666666668,44.44444444444444
0 days 00:09:02.020000,187.5,38.408611,31.563289,0.6666666666666666,26.666666666666668,44.44444444444444
0 days 00:09:03.020000,187.5,38.411014,31.555985,0.6666666666666666,26.666666666666668,44.44444444444444
0 days 00:09:04.020000,187.5,38.413417,31.548668,0.6666666666666666,26.666666666666668,44.44444444444444
0 days 00:09:05.020000,187.5,38.41582,31.54134,0.6666666666666666,26.666666666666668,44.44444444444444
0 days 00:09:06.020000,187.5,38.418221,31.533999,0.6666666666666666,26.666666666666668,44.44444444444444
0 days 00:09:07.020000,187.5,38.420622,31.526646,0.6666666666666666,26.666666666666668,44.44444444444444
0 days 00:09:08.020000,187.5,38.423022,31.519279,0.6666666666666666,26.666666666666668,44.44444444444444
0 days 00:09:09.020000,187.5,38.425422,31.5119,0.6666666666666666,26.666666666666668,44.44444444444444
0 days 00:09:10.020000,187.5,38.42782,31.504509,0.6666666666666666,26.666666666666668,44.44444444444444
0 days 00:09:11.020000,187.5,38.430218,31.497104,0.6666666666666666,26.666666666666668,44.44444444444444
0 days 00:09:12.020000,187.5,38.432616,31.489686,0.6666666666666666,26.666666666666668,44.44444444444444
0 days 00:09:13.020000,187.5,38.435012,31.482255,0.6666666666666666,26.666666666666668,44.44444444444444
0 days 00:09:14.020000,187.5,38.437408,31.474812,0.6666666666666666,26.666666666666668,44.44444444444444
0 days 00:09:15.020000,187.5,38.439803,31.467356,0.6666666666666666,26.666666666666668,44.44444444444444
0 days 00:09:16.020000,187.5,38.442198,31.459887,0.6666666666666666,26.666666666666668,44.44444444444444
0 days 00:09:17.020000,187.5,38.444592,31.452406,0.6666666666666666,26.666666666666668,44.44444444444444
0 days 00:09:18.020000,187.5,38.446985,31.444913,0.6666666666666666,26.666666666666668,44.44444444444444
0 days 00:09:19.020000,187.5,38.449377,31.437406,0.6666666666666666,26.666666666666668,44.44444444444444
0 days 00:09:20.020000,187.5,38.451769,31.429888,0.6666666666666666,26.666666666666668,44.44444444444444
0 days 00:09:21.020000,187.5,38.45416,31.422357,0.6666666666666666,26.666666666666668,44.44444444444444
0 days 00:09:22.020000,187.5,38.45655,31.414814,0.6666666666666666,26.666666666666668,44.44444444444444
0 days 00:09:23.020000,187.5,38.458939,31.407259,0.6666666666666666,26.666666666666668,44.44444444444444
0 days 00:09:24.020000,187.5,38.461328,31.399692,0.6666666666666666,26.666666666666668,44.44444444444444
0 days 00:09:25.020000,187.5,38.463716,31.392113,0.6666666666666666,26.666666666666668,44.44444444444444
0 days 00:09:26.020000,187.5,38.466103,31.384521,0.6666666666666666,26.666666666666668,44.44444444444444
0 days 00:09:27.020000,187.5,38.46849,31.376916,0.6666666666666666,26.666666666666668,44.44444444444444
0 days 00:09:28.020000,187.5,38.470876,31.369299,0.6666666666666666,26.666666666666668,44.44444444444444
0 days 00:09:29.020000,187.5,38.473261,31.361669,0.6666666666666666,26.666666666666668,44.44444444444444
0 days 00:09:30.020000,187.5,38.475645,31.354027,0.6666666666666666,26.666666666666668,44.44444444444444
0 days 00:09:31.020000,187.5,38.478029,31.346372,0.6666666666666666,26.666666666666668,44.44444444444444
0 days 00:09:32.020000,187.5,38.480412,31.338704,0.6666666666666666,26.666666666666668,44.44444444444444
0 days 00:09:33.020000,187.5,38.482794,31.331025,0.6666666666666666,26.666666666666668,44.44444444444444
0 days 00:09:34.020000,187.5,38.485176,31.323333,0.6666666666666666,26.666666666666668,44.44444444444444
0 days 00:09:35.020000,187.5,38.487557,31.315629,0.6666666666666666,26.666666666666668,44.44444444444444
0 days 00:09:36.020000,187.5,38.489937,31.307912,0.6666666666666666,26.666666666666668,44.44444444444444
0 days 00:09:37.020000,187.5,38.492316,31.300184,0.6666666666666666,26.666666666666668,44.44444444444444
0 days 00:09:38.020000,187.5,38.494694,31.292443,0.6666666666666666,26.666666666666668,44.44444444444444
0 days 00:09:39.020000,187.5,38.497072,31.284691,0.6666666666666666,26.666666666666668,44.44444444444444
0 days 00:09:40.020000,187.5,38.499449,31.276928,0.6666666666666666,26.666666666666668,44.44444444444444
0 days 00:09:41.020000,187.5,38.501825,31.269152,0.6666666666666666,26.666666666666668,44.44444444444444
0 days 00:09:42.020000,187.5,38.504201,31.261364,0.6666666666666666,26.666666666666668,44.44444444444444
0 days 00:09:43.020000,187.5,38.506576,31.253564,0.6666666666666666,26.666666666666668,44.44444444444444
0 days 00:09:44.020000,187.5,38.50895,31.245752,0.6666666666666666,26.666666666666668,44.44444444444444
0 days 00:09:45.020000,187.5,38.511323,31.237927,0.6666666666666666,26.666666666666668,44.44444444444444
0 days 00:09:46.020000,187.5,38.513695,31.23009,0.6666666666666666,26.666666666666668,44.44444444444444
0 days 00:09:47.020000,187.5,38.516067,31.222241,0.6666666666666666,26.666666666666668,44.44444444444444
0 days 00:09:48.020000,187.5,38.518438,31.214379,0.6666666666666666,26.666666666666668,44.44444444444444
0 days 00:09:49.020000,187.5,38.520808,31.206505,0.6666666666666666,26.666666666666668,44.44444444444444
0 days 00:09:50.020000,187.5,38.523178,31.198619,0.6666666666666666,26.666666666666668,44.44444444444444
0 days 00:09:51.020000,187.5,38.525547,31.190722,0.6666666666666666,26.666666666666668,44.44444444444444
0 days 00:09:52.020000,187.5,38.527915,31.182812,0.6666666666666666,26.666666666666668,44.44444444444444
0 days 00:09:53.020000,187.5,38.530282,31.174891,0.6666666666666666,26.666666666666668,44.44444444444444
0 days 00:09:54.020000,187.5,38.532648,31.166958,0.6666666666666666,26.666666666666668,44.44444444444444
0 days 00:09:55.020000,187.5,38.535014,31.159013,0.6666666666666666,26.666666666666668,44.44444444444444
0 days 00:09:56.020000,187.5,38.537379,31.151056,0.6666666666666666,26.666666666666668,44.44444444444444
0 days 00:09:57.020000,187.5,38.539743,31.143089,0.6666666666666666,26.666666666666668,44.44444444444444
0 days 00:09:58.020000,187.5,38.542106,31.13511,0.6666666666666666,26.666666666666668,44.44444444444444
0 days 00:09:59.020000,187.5,38.544469,31.127119,0.6666666666666666,26.666666666666668,44.44444444444444
0 days 00:10:00.020000,187.5,38.546831,31.119116,0.6666666666666666,26.666666666666668,44.44444444444444
